3,2
3,1
3,3
10,218
10,276
10,198
10,240
10,120
10,106
10,140
11,25
9,2
9,3
8,5
8,4
8,16
8,13
8,18
8,11
8,2
8,3
39,3
39,2
39,1
39,0
38,3
38,2
38,1
38,0
37,3
37,2
37,1
37,0
36,3
36,2
36,1
36,0
12,3
12,2
12,1
11,30
11,29
11,28
11,27
11,26
11,24
11,23
11,22
11,21
11,20
11,19
11,18
11,17
11,16
11,15
20,2
20,1
11,14
11,13
11,12
11,11
11,10
11,9
11,8
11,7
11,6
11,5
11,4
11,3
20,3
11,2
11,1
10,313
10,312
10,311
10,308
10,307
10,303
10,297
19,2
19,1
10,296
19,3
10,287
10,279
10,277
10,265
10,261
10,259
10,257
10,252
10,246
10,243
10,241
10,239
10,237
10,232
10,228
10,225
10,222
10,220
10,199
10,197
10,193
10,178
10,172
10,171
10,169
10,167
